2
3
8
12
13
17
18
20
23
24
25
28
30
34
37
39
43
45
48
50
52
53
54
56
57
58
59
60
66
68
71
73
75
80
81
83
86
88
92
94
98
99
101
106
108
110
114
115
119
124
125
129
132
133
134
139
142
143
155
159
160
164
168
169
177
181
189
191
193
194
204
206
207
212
224
225
238
239
243
251
260
270
274
276
280
283
290
291
299
302
303
305
306
309
311
312
315
323
324
325
327
333
340
341
343
347
350
358
359
363
366
368
369
373
375
377
378
383
399
400
402
409
412
414
425
426
429
431
437
441
442
443
451
453
456
457
463
465
472
473
474
477
479
488
498
516
518
521
528
533
534
539
548
554
557
569
574
576
577
585
589
602
604
611
613
616
617
621
623
625
626
629
630
631
633
636
639
643
646
647
651
656
674
675
679
680
681
701
702
706
714
716
725
732
733
734
738
739
742
746
754
761
762
767
771
788
794
799
800
803
809
825
828
833
834
838
847
849
851
871
872
878
880
882
886
896
897
898
899
902
913
917
918
922
932
935
941
946
951
961
964
966
972
974
976
989
999
1020
1024
1033
1048
1049
1062
1067
1068
1069
1072
1079
1082
1095
1097
1102
1110
1114
1129
1134
1136
1137
1139
1161
1171
1180
1184
1185
1189
1194
1198
1214
1220
1236
1237
1238
1240
1241
1244
1246
1265
1277
1279
1285
1287
1301
1303
1315
1317
1321
1325
1338
1349
1350
1355
1356
1357
1380
1385
1389
1399
1401
1407
1430
1432
1436
1460
1467
1471
1479
1480
1482
1485
1488
1493
1504
1534
1544
1546
1551
1556
1574
1575
1580
1581
1584
1593
1595
1602
1606
1626
1628
1629
1631
1642
1655
1656
1657
1668
1669
1670
1676
1689
1706
1711
1725
1733
1734
1766
1768
1776
1781
1786
1791
1841
1855
1864
1886
1887
1890
1894
1898
1918
1941
1958
1970
1979
1992
1996
1999
2007
2018
2022
2023
2025
2029
2034
2042
2070
2073
2074
2085
2095
2099
2109
2112
2126
2134
2139
2163
2165
2170
2189
1795
2194
2200
2201
2210
2211
2215
2217
2228
2233
2235
2236
2240
2242
2248
2252
2266
2268
2270
2271
2282
2283
2329
2341
2348
2361
2364
2383
2391
2416
2417
2420
2433
2441
2443
2455
2458
2460
2461
2480
2483
2494
2502
2508
2514
2526
2530
2549
2558
2559
2566
2570
2586
2588
2600
2602
2606
2608
2618
2653
2687
2689
2723
2728
2735
2736
2739
2745
2755
2757
2759
2766
2770
2777
2779
2783
2785
2788
2790
2802
2807
2813
2824
2826
2834
2842
2859
2864
2883
2902
2904
2928
2946
2950
2982
2998
3000
3002
3004
2727
2987
3007
3009
3017
3036
3046
3049
3087
3095
3096
3112
3115
3123
3143
3150
3164
3174
3180
3188
3189
3198
3206
3236
3237
3239
3249
3253
3255
3263
3264
3295
3300
3304
3305
3306
3307
3308
3317
3346
3347
3353
3362
3368
3372
3380
3381
3391
3406
3413
3414
3417
3435
3447
3449
3455
3457
3459
3484
3490
3492
3497
3506
3511
3520
3526
3544
3551
3558
3580
3583
3593
3597
3602
3607
3608
3609
3612
3615
3621
3629
3632
3635
3636
3642
3647
3667
3681
3682
3686
3698
3700
3702
3708
3710
3711
3726
3731
3734
3741
3750
3751
3781
3789
3791
3792
3797
3801
3804
3819
3821
3827
3828
3831
3842
3850
3854
3860
3863
3864
3872
3881
3882
3887
3895
3896
3897
3924
3928
3950
3958
3966
3967
3973
3974
3993
4013
4019
4022
4027
4031
4036
4044
4046
4048
4065
4071
4085
4086
4109
4123
4128
4132
4134
4140
4143
4155
4163
4167
4179
4181
4182
4196
4199
4200
4207
4208
4215
4240
4243
4253
4256
4262
4271
4275
4280
4282
4283
4286
4289
4294
4301
4312
4316
4322
4325
4327
4339
4340
4347
4353
4368
4373
4375
4378
4383
4388
4407
4409
4413
4205
4408
4415
4423
4433
4434
4449
4461
4463
4466
4473
4479
4482
4483
4484
4487
4513
4525
4528
4534
4542
4547
4549
4564
4567
4583
4606
4612
4627
4632
4642
4651
4661
4665
4684
4698
4715
4716
4724
4727
4728
4731
4743
4753
4760
4787
4790
4795
4805
4807
4810
4823
4864
4865
4877
4879
4886
4888
4894
4895
4901
4904
4905
4908
4909
4910
4914
4923
4926
4929
4945
4951
4952
4959
4973
4978
4989
4991
4996
5016
5025
5034
5037
5046
5049
5062
5064
5066
5072
5091
5106
5124
5126
5127
5172
5173
5179
5181
5183
5186
5197
4995
5198
5207
5227
5254
5260
5263
5283
5288
5289
5303
5305
5309
5323
5328
5361
5365
5376
5395
5403
5406
5423
5431
5448
5450
5451
5460
5483
5486
5491
5492
5494
5498
5511
5515
5516
5543
5551
5553
5557
5583
5587
5604
5620
5623
5624
5632
5643
5650
5694
5701
5708
5713
5732
5738
5745
5758
5774
5779
5781
5787
5802
5818
5820
5840
5847
5851
5860
5925
5948
5951
5952
5953
5964
6015
6023
6048
6061
6083
6084
6087
6090
6097
6111
6112
6116
6122
6131
6137
6141
6142
6143
6147
6162
6164
6187
6196
6227
6236
6245
6268
6276
6348
6351
6357
6373
6376
6377
6381
6394
6400
6408
6437
6473
6492
6500
6536
6546
6554
6567
6581
6591
6596
6597
6598
6622
6631
6636
6669
6687
6711
6714
6715
6726
6730
6731
6741
6751
6788
6791
6801
6804
6806
6815
6821
6823
6839
6841
6844
6852
6878
6902
6906
6945
6957
6962
6968
6986
7012
7038
7048
7049
7055
7061
7066
7085
7097
7115
7123
7131
7143
7154
7157
7206
7212
7234
7236
7237
7247
7251
7255
7258
7288
7318
7325
7341
7348
7408
7409
7418
7438
7452
7464
7474
7479
7521
7535
7548
7559
7581
6292
7588
7589
7596
7620
7626
7637
7657
7674
7684
7692
7708
7715
7732
7759
7761
7781
7791
7799
7806
7811
7835
7872
7878
7909
7910
7933
7941
7948
7951
7960
7963
7985
7988
7992
8004
8035
8039
8046
8048
8050
8052
8059
8070
8079
8080
8082
8106
8109
8113
8145
8151
8152
8154
8168
8173
8174
8208
8220
8232
8248
8263
8268
8332
8346
8379
8405
8413
8421
8432
8433
8438
8439
8445
8446
8447
8451
8471
8476
8481
8515
8531
8555
8558
8587
8606
8627
8637
8641
8674
8677
8680
8684
8685
8706
8711
8726
8744
8760
8794
7863
8810
8821
8831
8885
8889
8890
8899
8914
8919
8926
8931
8939
8942
8949
8966
8971
8998
9019
9039
9050
9051
9052
9055
9082
9111
9134
9135
9139
9140
9154
9166
9176
9183
9186
9192
9198
9218
9222
9227
9248
9265
9270
9280
9290
9307
9309
9318
9326
9327
9369
9391
9410
9412
9429
9447
9451
9456
9459
9474
9480
9507
9522
9528
9531
9540
9548
9581
9587
9595
9618
9653
9667
9677
9685
9700
9702
9710
9789
9791
9816
9817
9818
9829
9848
9856
9926
9933
9940
10018
10032
10051
10093
10095
10097
10103
10123
10143
10144
10148
10167
10174
10178
10215
10250
10259
10334
10343
10351
10391
10420
10426
10428
10496
10498
10502
10530
10542
10548
10570
10575
10597
10602
10610
10626
10636
10655
10677
10685
10686
10694
10695
10703
10710
10754
10765
10766
10779
10799
10800
10807
10810
10822
10840
10856
10857
10862
10895
10900
10906
10920
10946
10947
10956
10971
10976
10983
10990
11037
11040
11123
11124
11129
11155
11161
11171
11188
11202
11205
11215
11244
11245
11279
11286
11287
11299
11312
11392
11448
11489
11491
11500
11508
11510
11512
11516
11517
11528
11533
11543
11550
11552
11555
11569
11599
11632
10705
10715
10902
10952
11213
11646
11681
11684
11746
11760
11761
11770
11778
11782
11788
11816
11835
11866
11913
11948
11951
11961
11984
11990
11998
12021
12031
12048
12095
12111
12142
12144
12152
12156
12161
12163
12168
12181
12224
12256
12299
12309
12320
12335
12342
12351
12370
12388
12418
12425
12431
12443
12457
12470
12480
12482
12493
12502
12518
12565
12567
12569
12573
12577
12590
12613
12626
12637
12674
12690
12708
12715
12725
12732
12738
12756
12762
12777
12778
12789
12834
12847
12871
12888
12912
12915
12921
12923
12925
12938
12944
12949
12977
12990
13006
13009
13022
13029
13030
13043
13049
13071
13077
13086
13089
13094
13121
13150
13201
13203
13219
13229
13244
13252
13267
13283
13304
13314
13323
13368
13387
13408
13418
13426
13432
13434
13436
13437
13443
13453
13465
13474
13475
13481
13495
13505
13536
13560
13563
13590
13596
13610
13626
13640
13642
13659
13682
13696
13707
13774
13796
13797
13803
13833
13846
13861
13870
13874
13875
13893
13901
13933
13946
13948
13950
14009
14035
14062
14063
14069
14124
14127
14131
14135
14150
14158
14174
14176
14199
14209
14225
14236
14241
14260
14330
14340
14351
14356
14364
14369
14383
14394
14396
14404
14447
14455
14464
14466
14469
14472
14473
14479
14489
14491
14414
14497
14507
14515
14532
14537
14539
14601
14608
14767
14848
14879
14885
14932
14937
14940
14942
14976
14982
14988
15000
15117
15126
15211
15224
15255
15263
15275
15294
15351
15357
15400
15417
15431
15434
15513
15516
15549
15576
15593
15633
15643
15646
15655
15671
15676
15681
15696
15713
15732
15744
15756
15776
15789
15799
15821
15838
15844
15850
15867
15899
15974
15983
15997
16041
16066
16081
16085
16086
16098
16099
16142
16148
16152
16176
16183
16189
16207
16214
16218
16237
16276
16340
16355
16405
16512
16522
16544
16567
16617
16636
16670
16715
16719
16795
16819
16823
16826
16831
16863
14664
16871
16877
16884
16914
16915
16958
16975
16987
16991
17005
17041
17064
17069
17087
17106
17114
17129
17186
17195
17223
17226
17256
17295
17318
17354
17355
17356
17408
17454
17474
17498
17507
17510
17551
17568
17571
17582
17584
17592
17649
17671
17672
17675
17690
17761
17793
17822
17838
17858
17859
17886
17892
17935
17940
17979
18005
18048
18057
18061
18066
18085
18145
18151
18152
18166
18183
18198
18203
18213
18262
18272
18286
18295
18325
18384
18407
18409
18413
18428
18458
18471
18489
18503
18506
18509
18513
18517
18537
18559
18560
18570
18581
18586
18655
18661
18723
18726
18751
17425
18564
18763
18766
18865
18883
18908
18910
18922
18931
18940
18975
18989
19036
19105
19129
19146
19148
19169
19412
19463
19493
19530
19613
19627
19629
19637
19661
19677
19716
19768
19776
19777
19793
19815
19832
19846
19858
20005
20013
20067
20081
20082
20090
20104
20111
20133
20146
20147
20168
20185
20198
20228
20259
20265
20270
20281
20286
20299
20301
20323
20331
20334
20358
20368
20384
20388
20390
20391
20394
20398
20402
20413
20429
20442
20458
20539
20542
20558
20559
20565
20591
20594
20596
20633
20701
20721
20730
20745
20771
20806
20907
20913
20917
20919
20929
20931
20938
20945
20965
18919
19590
21039
21071
21146
21191
21291
21308
21348
21360
21417
21431
21614
21695
21773
21832
21887
21941
22337
23039
23091
23192
23282
23288
23328
23353
23426
23563
24005
24128
24178
24235
134059
187825
187961
188164
188169
188206
188259
188352
188566
188892
188926
188955
188963
188975
189052
189312
189338
189394
189629
189636
189733
189740
189781
189830
189874
189896
189976
190045
190075
190081
190108
190218
190968
191042
191135
191213
191294
191317
191326
191359
191503
191554
191593
191648
191694
191774
191775
191780
191832
192137
192291
192300
192373
192490
192539
193089
193137
193158
193423
193488
193551
193699
193785
193826
193853
21713
188416
188902
192590
193239
193866
193884
193928
193930
193942
193958
193998
194233
194274
194372
194479
194514
195091
195255
195480
195790
195806
195847
195929
196020
196041
196149
196166
196196
196198
196199
196215
196300
196351
196378
196387
196388
196558
196648
196763
196767
196810
196842
196950
196957
197007
197061
197256
197340
197591
198538
198629
199989
200375
201043
204155
204173
204221
205525
205754
206010
206570
206967
208481
209586
209951
210045
210436
210451
210558
210628
210629
210648
210698
210731
210744
210871
210975
211124
211158
211159
211186
211227
211242
211246
211250
211254
211272
211384
211535
211541
211644
211654
211697
211710
211734
211756
211769
211845
211946
212085
212111
212259
195466
195844
212342
212364
212516
212556
212581
212585
212661
212722
212849
212859
213144
213226
213263
213310
213526
213545
213552
213559
213618
214123
214172
214212
214318
214322
214447
214569
214841
215322
215351
216983
217245
217248
217341
217780
217834
218369
218710
218753
218814
218957
219631
221216
221475
221477
221519
221578
222071
222389
222464
222540
222896
223161
223277
223778
223862
224525
224616
225363
225851
226244
226372
226476
226517
226538
226658
226690
226794
226915
227242
227531
227541
227543
227645
227886
227912
227918
228109
228117
228144
228184
228272
228390
228441
228795
228880
229150
229603
230091
230147
230238
230392
230572
230781
230941
231371
231749
231754
231761
231788
221171
231990
232017
232054
232393
232448
232646
232704
233043
233147
233221
233242
233254
233880
233952
234186
234286
234321
234327
234334
234363
234434
234552
234568
234616
234743
234796
234804
234940
235128
235153
235170
235192
235302
235323
235437
235510
235517
235686
236173
236391
236454
236581
236715
236727
236812
236822
236971
237290
237845
237855
237884
237973
238251
238260
238307
238394
238425
238463
238466
238522
238564
238657
238758
238829
238853
239081
239099
239622
239623
239694
240172
240247
240275
240339
240369
240516
240554
240586
240799
240835
240865
240914
240932
240969
240987
241041
241334
241573
241781
242015
242021
242052
242191
242542
242577
242645
242661
234021
234367
239308
242785
242870
243041
243139
243288
243294
243300
243361
243560
243792
243818
243906
244367
244416
244479
244597
244803
244819
244832
244869
244902
245024
245035
245065
245124
245213
245236
245237
245306
245388
245468
246221
246448
246523
246567
246823
246848
246871
247143
247238
247416
247466
247496
247522
247605
247895
247898
248032
248101
248108
248111
248150
248151
248172
248216
248226
248284
248297
248300
248303
248344
248389
248422
248446
248448
248559
248713
248817
248872
248890
248954
249078
249122
249193
249199
249232
249237
249247
249258
249332
249586
249841
249927
249958
250008
250455
250874
251053
251143
251769
252230
252251
252500
252911
252934
253127
253203
253410
244908
248739
253463
253659
253764
254128
254536
256931
260207
260256
260770
261305
261355
261625
262134
262206
262222
262292
262357
262450
262475
262539
262563
262572
262604
262791
262876
262938
262944
262970
263265
263303
263333
263339
263444
263450
263574
263602
263648
263664
263740
263750
263821
264001
264069
264159
264487
264538
264700
265099
265108
265153
265298
265405
265409
265506
265581
265749
265951
266418
266490
266626
266767
266782
266845
266951
267078
267383
267915
267965
268092
268131
268233
268290
268455
268476
268922
268992
269062
269091
269164
269169
269321
269385
269405
269522
269636
269694
269775
270005
270138
270158
270207
270504
270517
270678
270684
270714
271142
262675
263314
266053
271526
271697
271878
272116
272344
272717
273147
273394
273430
273442
273576
273708
274082
274364
275486
275658
276109
276245
276562
276695
277430
277952
278203
278239
278406
278513
278605
278653
278655
279454
279477
279980
280002
280302
280486
280660
280715
281289
281290
281416
281494
281660
281676
281836
282223
282278
282317
282328
282520
282526
282560
282672
283056
283144
283222
283347
283441
283597
284063
284324
284408
284616
284679
285086
285171
285225
285462
286812
287750
288204
288257
288605
288821
289166
289295
289541
289702
290654
291822
291845
291942
292310
292436
292506
292653
292692
292783
292880
293150
293251
293521
293719
293726
293760
275844
278892
281211
281308
282728
285998
294090
294100
294226
294300
294846
295462
295570
295589
295704
296127
296140
296207
296241
296315
296478
296520
296583
296594
296609
296687
296737
296752
296767
297024
297044
297066
297095
297256
297319
297799
297953
298111
298330
298503
298650
298730
299082
299247
299448
299853
300064
300175
300880
300898
301144
301193
301340
301375
301385
301611
301676
301792
301830
302081
302083
302139
302380
302400
302478
302556
302642
303035
303249
303561
304097
304106
304304
304818
304875
305234
305843
305941
306175
306341
306404
306416
306610
306668
306792
307063
307128
307224
307457
307568
307705
307736
307820
307834
308023
308032
308045
308291
308337
308405
308409
308410
308426
308516
308527
296096
308771
309043
309072
309103
309165
309167
309242
309567
309638
309710
309715
309764
309808
309819
309857
310087
310124
310252
310302
310364
310480
310577
310710
310801
310928
311254
311565
311617
311672
311845
311933
312305
312380
312410
312563
312601
312633
312790
313583
314532
314898
315256
315653
316147
316268
317009
317528
317794
317896
318087
318162
318213
318447
318473
318589
318613
318702
318911
319054
319055
319497
320063
320215
321055
321147
321263
321551
321754
321969
322391
322839
323070
323100
323213
323251
323433
323501
323645
323673
323746
324029
324128
324395
324876
324915
324916
325364
325710
325886
326040
326147
326271
326390
326433
326500
326567
326677
326765
326920
310114
327165
327398
328041
328068
328124
329070
330083
330133
330301
330738
330802
330807
330839
331067
331730
331902
332047
332309
332457
332502
332571
332881
333868
333932
334191
335383
335503
335741
335872
335922
335954
335956
336012
336022
336026
336580
336612
337018
337090
337489
337511
338373
338787
338953
338997
339017
339174
339302
340034
340305
340560
340599
340666
340986
341438
341738
342199
342222
342667
342684
342717
342737
342996
343261
343266
343324
343341
343396
343483
343580
343593
343622
344203
345100
345467
346110
346320
346769
346798
347050
347067
347364
347860
348410
348420
348431
348539
348611
348801
348814
348881
348894
349105
349228
349340
349621
349675
349722
349775
333327
350129
350139
350527
350551
350625
350662
350729
350911
351070
351103
351803
351897
351970
352172
352633
352664
352694
352723
352787
353321
353665
353819
354669
354760
354795
355110
355351
355566
355572
356039
356297
356732
357551
357745
358126
358173
360601
361548
361635
361798
362447
362664
362884
363197
363545
364017
364533
364615
364883
364927
364940
364953
364977
365209
365925
366211
366534
366713
366753
366795
367061
367639
367850
368013
368021
368056
368093
368278
368351
368835
369361
369619
369869
369892
369904
369999
370077
370822
372057
372323
373025
373125
373242
373258
374020
374165
374408
374498
374660
374867
375053
375177
375245
375524
375536
375583
375699
375727
353123
366041
375799
376177
376505
376636
376944
377557
377646
377666
378039
378285
379089
379608
379777
379793
379972
380136
380156
380185
380266
380660
380789
380882
380950
381068
381093
381100
381222
381283
381293
381665
382004
382072
382161
382205
382802
382808
382890
383054
383144
383153
383485
384100
384546
384652
384868
385126
385387
385571
385627
385955
386213
386520
386723
386754
387202
387246
387258
387329
387472
387665
387731
388111
388401
388453
388808
388945
389309
389456
389595
389671
389808
390406
390685
390829
391387
391793
391861
392396
392444
392561
392597
392965
393467
394357
394597
395346
395470
395720
396234
396536
396902
397077
397467
397815
397911
398028
398355
398364
389349
391221
398596
399465
399485
399712
399933
400029
400632
400718
400771
400821
401302
401859
402307
402605
402819
402888
402914
402978
403020
403090
403249
403500
403517
403573
403619
403765
404001
405348
405380
405529
405590
405751
405941
406022
406157
406257
406308
406905
407112
407121
407487
407587
407655
407760
407813
407937
408157
408268
408681
408746
408753
408777
408911
408951
408988
409032
409219
409305
409379
409561
409573
409781
409792
409817
409857
409931
409997
410039
410383
410419
410452
410492
410622
410803
410818
410846
410926
410943
411897
411955
412060
412185
412192
412298
412814
412843
413010
413021
413025
413213
414147
414203
414239
414258
414259
414365
414383
399364
404299
414279
414845
414955
414984
415070
415248
415333
415337
415359
415684
415689
415872
415950
416087
416094
416401
417063
417119
417123
417178
417299
417346
417416
417554
417757
417833
417850
417851
418341
418365
418762
418777
419029
419388
419617
419738
419741
419852
420163
420201
420229
420304
420540
420765
420930
421153
421316
421681
421969
422315
422333
422367
422412
422536
422557
422559
422910
422946
423310
423457
423827
423995
424863
424924
424937
426045
427386
427775
427838
428931
429188
429258
429877
430312
430449
430479
431085
431203
432880
434611
434908
435601
435716
435843
435850
435964
436080
436436
436491
436577
436680
436728
436781
437886
438085
415327
417534
419868
430633
432060
436681
438809
438981
439146
439559
439799
440135
440238
441956
441976
442122
442334
443172
444652
444773
444929
445760
445793
446004
446697
446971
447151
449603
451779
451952
452515
452884
453709
453989
456555
456784
456859
456884
457716
460502
460565
460936
461236
461587
462693
462759
463783
465063
466111
466312
466688
466926
469108
469501
469659
469678
470886
473065
476113
476840
476882
476994
477997
478228
479263
481434
481970
483462
485865
486360
487357
488129
488178
488436
489165
490435
490475
491351
491461
492621
492830
493739
493923
497905
498774
499191
502753
503116
503732
506006
510364
513389
513681
527313
528025
536359
539556
540475
544303
544555
547758
572141
451420
469228
506929
535179
587509